
Overall ATT:  
    ATT    Std. Error     [ 95%  Conf. Int.] 
 0.0963        0.1478    -0.1934       0.386 


Dynamic Effects:
 Event Time Estimate Std. Error [95% Simult.  Conf. Band]  
        -17   0.4086     0.2437       -0.2098      1.0269  
        -16   0.0446     0.1704       -0.3876      0.4769  
        -15   0.3750     0.1794       -0.0802      0.8302  
        -14  -0.1476     0.1588       -0.5504      0.2552  
        -13   0.0363     0.1273       -0.2867      0.3593  
        -12   0.1536     0.1476       -0.2208      0.5280  
        -11   0.0357     0.1209       -0.2711      0.3424  
        -10   0.2508     0.1370       -0.0967      0.5982  
         -9   0.1258     0.1618       -0.2846      0.5363  
         -8  -0.3476     0.1077       -0.6209     -0.0742 *
         -7  -0.0436     0.1228       -0.3550      0.2679  
         -6  -0.0181     0.0857       -0.2356      0.1994  
         -5   0.5925     0.1265        0.2715      0.9134 *
         -4   0.3059     0.1023        0.0464      0.5654 *
         -3   0.3790     0.8180       -1.6965      2.4545  
         -2   0.3974     1.0009       -2.1422      2.9370  
         -1  -1.0208     1.0303       -3.6349      1.5934  
          0   0.1490     0.1611       -0.2597      0.5577  
          1  -0.2684     0.2169       -0.8187      0.2820  
          2  -0.3290     0.1867       -0.8026      0.1446  
          3   0.1295     0.4091       -0.9084      1.1674  
          4   0.8891     0.4953       -0.3676      2.1458  
          5  -0.1571     0.2513       -0.7946      0.4805  
          6  -0.3016     0.2510       -0.9385      0.3353  
          7   0.4619     0.2439       -0.1570      1.0808  
          8   0.4043     0.4377       -0.7062      1.5148  
          9   0.2605     0.1748       -0.1831      0.7041  
         10  -0.6548     0.2581       -1.3097      0.0002  
         11  -0.4095     0.1867       -0.8832      0.0642  
---
Signif. codes: `*' confidence band does not cover 0

