
Overall ATT:  
   ATT    Std. Error     [ 95%  Conf. Int.] 
 0.116        0.1435    -0.1652      0.3972 


Dynamic Effects:
 Event Time Estimate Std. Error [95% Simult.  Conf. Band]  
        -17   0.4341     0.2456       -0.1903      1.0585  
        -16   0.0307     0.1643       -0.3870      0.4484  
        -15   0.3951     0.1619       -0.0166      0.8067  
        -14  -0.1074     0.1618       -0.5188      0.3040  
        -13   0.0809     0.1157       -0.2132      0.3751  
        -12   0.1645     0.1428       -0.1987      0.5277  
        -11   0.0079     0.1229       -0.3047      0.3205  
        -10   0.2300     0.1360       -0.1158      0.5757  
         -9   0.1697     0.1664       -0.2534      0.5927  
         -8  -0.2992     0.1066       -0.5703     -0.0281 *
         -7  -0.0118     0.1181       -0.3120      0.2884  
         -6  -0.0622     0.0876       -0.2849      0.1605  
         -5   0.5208     0.1282        0.1948      0.8468 *
         -4   0.2943     0.0972        0.0471      0.5416 *
         -3   0.3693     0.8256       -1.7301      2.4688  
         -2   0.3432     1.1212       -2.5080      3.1944  
         -1  -1.0701     1.0760       -3.8063      1.6661  
          0   0.1905     0.1617       -0.2208      0.6017  
          1  -0.1989     0.2095       -0.7316      0.3339  
          2  -0.3325     0.1890       -0.8132      0.1481  
          3  -0.0053     0.3820       -0.9766      0.9660  
          4   0.8028     0.4814       -0.4214      2.0270  
          5  -0.0753     0.2492       -0.7090      0.5585  
          6  -0.2115     0.2578       -0.8671      0.4441  
          7   0.3381     0.2519       -0.3026      0.9787  
          8   0.1394     0.4790       -1.0788      1.3575  
          9   0.0492     0.1679       -0.3778      0.4762  
         10  -0.7771     0.2421       -1.3927     -0.1615 *
         11  -0.5852     0.1686       -1.0139     -0.1566 *
---
Signif. codes: `*' confidence band does not cover 0

