
Overall ATT:  
    ATT    Std. Error     [ 95%  Conf. Int.] 
 0.1209        0.1479    -0.1689      0.4107 


Dynamic Effects:
 Event Time Estimate Std. Error [95% Simult.  Conf. Band]  
        -17   0.4229     0.2455       -0.2024      1.0482  
        -16   0.0179     0.1608       -0.3917      0.4274  
        -15   0.3979     0.1576       -0.0033      0.7992  
        -14  -0.1042     0.1588       -0.5087      0.3003  
        -13   0.0811     0.1151       -0.2121      0.3743  
        -12   0.1535     0.1432       -0.2112      0.5182  
        -11   0.0186     0.1205       -0.2883      0.3254  
        -10   0.2238     0.1339       -0.1173      0.5649  
         -9   0.1739     0.1670       -0.2513      0.5990  
         -8  -0.3037     0.1077       -0.5778     -0.0295 *
         -7  -0.0223     0.1193       -0.3263      0.2816  
         -6  -0.0510     0.0892       -0.2783      0.1763  
         -5   0.5005     0.1278        0.1751      0.8258 *
         -4   0.2996     0.1009        0.0425      0.5566 *
         -3   0.3858     0.8252       -1.7158      2.4875  
         -2   0.4825     1.2009       -2.5759      3.5409  
         -1  -1.2058     1.1685       -4.1817      1.7701  
          0   0.1813     0.1591       -0.2239      0.5864  
          1  -0.1747     0.2094       -0.7079      0.3584  
          2  -0.3254     0.1934       -0.8179      0.1670  
          3   0.0018     0.3894       -0.9900      0.9935  
          4   0.7703     0.4819       -0.4569      1.9976  
          5  -0.0528     0.2545       -0.7009      0.5953  
          6  -0.1646     0.2757       -0.8666      0.5374  
          7   0.3540     0.2490       -0.2801      0.9880  
          8   0.1759     0.4822       -1.0521      1.4039  
          9   0.0762     0.1809       -0.3846      0.5370  
         10  -0.7458     0.2412       -1.3599     -0.1316 *
         11  -0.5265     0.2361       -1.1277      0.0747  
---
Signif. codes: `*' confidence band does not cover 0

