
Overall ATT:  
    ATT    Std. Error     [ 95%  Conf. Int.] 
 0.1306          0.22    -0.3006      0.5618 


Dynamic Effects:
 Event Time Estimate Std. Error [95% Simult.  Conf. Band]  
        -17   0.2677     0.1417       -0.1508      0.6862  
        -16   0.2408     0.1462       -0.1909      0.6726  
        -15   0.4208     0.1111        0.0925      0.7491 *
        -14  -0.1504     0.1381       -0.5585      0.2577  
        -13   0.1789     0.1130       -0.1549      0.5127  
        -12  -0.1845     0.1080       -0.5036      0.1346  
        -11   0.3064     0.1094       -0.0168      0.6296  
        -10   0.2121     0.1560       -0.2488      0.6730  
         -9   0.1081     0.1794       -0.4218      0.6381  
         -8  -0.4074     0.1169       -0.7528     -0.0621 *
         -7  -0.0796     0.1804       -0.6126      0.4535  
         -6   0.0740     0.1223       -0.2873      0.4354  
         -5   0.3098     0.0969        0.0234      0.5961 *
         -4   0.3099     0.1137       -0.0259      0.6457  
         -3   1.2170     0.4354       -0.0694      2.5033  
         -2   0.1983     1.3622       -3.8258      4.2224  
         -1  -1.5555     1.3644       -5.5861      2.4752  
          0   0.2401     0.1880       -0.3154      0.7955  
          1   0.2491     0.2040       -0.3535      0.8518  
          2  -0.2364     0.1959       -0.8152      0.3423  
          3   0.3314     0.5915       -1.4159      2.0787  
          4  -0.0356     0.2504       -0.7753      0.7040  
          5   0.0904     0.3503       -0.9443      1.1252  
          6   0.2735     0.3315       -0.7059      1.2528  
          7  -0.0023     0.3684       -1.0907      1.0860  
          8   0.6166     0.7612       -1.6322      2.8653  
          9   0.1083     0.3459       -0.9134      1.1300  
         10  -0.2798     0.2520       -1.0242      0.4646  
         11  -0.4456     0.4009       -1.6300      0.7389  
---
Signif. codes: `*' confidence band does not cover 0

