
Overall ATT:  
    ATT    Std. Error     [ 95%  Conf. Int.] 
 0.1013        0.1508    -0.1943      0.3969 


Dynamic Effects:
 Event Time Estimate Std. Error [95% Simult.  Conf. Band]  
        -17   0.3973     0.2453       -0.2282      1.0228  
        -16   0.0318     0.1650       -0.3890      0.4525  
        -15   0.3779     0.1725       -0.0620      0.8178  
        -14  -0.1444     0.1592       -0.5504      0.2616  
        -13   0.0365     0.1246       -0.2812      0.3541  
        -12   0.1426     0.1453       -0.2280      0.5132  
        -11   0.0464     0.1203       -0.2603      0.3531  
        -10   0.2446     0.1362       -0.1026      0.5919  
         -9   0.1300     0.1614       -0.2815      0.5415  
         -8  -0.3521     0.1059       -0.6222     -0.0820 *
         -7  -0.0542     0.1234       -0.3687      0.2604  
         -6  -0.0068     0.0873       -0.2295      0.2158  
         -5   0.5722     0.1237        0.2568      0.8876 *
         -4   0.3112     0.1043        0.0452      0.5772 *
         -3   0.3956     0.8096       -1.6689      2.4602  
         -2   0.5372     1.0578       -2.1603      3.2346  
         -1  -1.1569     1.1227       -4.0196      1.7058  
          0   0.1398     0.1623       -0.2740      0.5535  
          1  -0.2442     0.2170       -0.7976      0.3093  
          2  -0.3219     0.1896       -0.8054      0.1617  
          3   0.1366     0.4149       -0.9213      1.1945  
          4   0.8566     0.5011       -0.4212      2.1344  
          5  -0.1345     0.2582       -0.7929      0.5239  
          6  -0.2547     0.2713       -0.9464      0.4370  
          7   0.4779     0.2386       -0.1305      1.0863  
          8   0.4410     0.4370       -0.6735      1.5554  
          9   0.2877     0.1841       -0.1817      0.7571  
         10  -0.6234     0.2649       -1.2988      0.0520  
         11  -0.3506     0.2521       -0.9934      0.2921  
---
Signif. codes: `*' confidence band does not cover 0

